#--chrn	ALL
#one	False
#--oprefix	
#adjustment	False
#<hic1>	/lanec1_home/data/GSE63525_cell2014/GSE63525_K562_combined.hic
#visualization	False
#--ofile	result/GSE63525_GM12878_insitu_primary_replicate_combined.hic_VS_GSE63525_K562_combined.hic_reso_10000_chr1.txt
#--filter	False
#<input>	
#--sep	"	"
#<output>	
#<start>	
#multiple	True
#<bed>	data/TADs_chr1/GM12878_chr1_domainlist.txt
#dvsd	True
#--min_nbin	10
#--f	0.5
#<hic0>	/lanec1_home/data/GSE63525_cell2014/GSE63525_GM12878_insitu_primary_replicate_combined.hic
#--hicnorm	KR
#<end>	
#<chr>	
#--ncore	20
#--oprefixFig	
#--reso	10000
#<method>	
1	915000	1005000	chr1:915000-1005000	-2.200122975261819	0.779364290195367	10
1	1030000	1235000	chr1:1030000-1235000	1.3143742080935301	0.030854499005483427	21
1	1255000	1450000	chr1:1255000-1450000	0.10193559598765202	0.15031389565790743	21
1	1710000	1840000	chr1:1710000-1840000	1.0835630897219564	0.043178628124049157	14
1	1860000	2055000	chr1:1860000-2055000	2.591093786848266	0.003683618196790528	20
1	1865000	1985000	chr1:1865000-1985000	-0.1258386222745161	0.1920256114469453	13
1	2120000	2320000	chr1:2120000-2320000	0.8196792384804666	0.06219076770994025	21
1	2345000	2475000	chr1:2345000-2475000	-1.2837578062536483	0.5048111200773304	14
1	2710000	3340000	chr1:2710000-3340000	22.28873621326058	0.0	64
1	3395000	3540000	chr1:3395000-3540000	-1.3362135777238213	0.5215186320146491	16
1	3540000	3660000	chr1:3540000-3660000	0.42099886976396655	0.10362390199367466	13
1	3995000	5510000	chr1:3995000-5510000	29.62423568682355	0.0	153
1	5535000	5940000	chr1:5535000-5940000	2.4233729136361033	0.004990901853069052	42
1	6085000	6545000	chr1:6085000-6545000	24.490736595830032	0.0	47
1	6110000	6260000	chr1:6110000-6260000	-2.6966675233118536	0.8858153822669799	16
1	6295000	6505000	chr1:6295000-6505000	1.9042886295495196	0.01220088494393301	22
1	6305000	6405000	chr1:6305000-6405000	-2.443885164136338	0.8367578198916056	11
1	6545000	6740000	chr1:6545000-6740000	-0.42682486603178316	0.2583059823982513	21
1	6765000	6965000	chr1:6765000-6965000	4.122957937270808	0.0001733946438423617	21
1	7295000	7710000	chr1:7295000-7710000	1.008942330367678	0.04797393606548617	43
1	7715000	8010000	chr1:7715000-8010000	0.9849687836188206	0.049606678316902464	31
1	7715000	7825000	chr1:7715000-7825000	-1.1781016881569788	0.47137281333668923	12
1	7830000	8015000	chr1:7830000-8015000	-1.2650835218758918	0.49887624607281245	19
1	8030000	8410000	chr1:8030000-8410000	6.509628480092671	5.353124058471437e-07	39
1	8450000	8595000	chr1:8450000-8595000	0.12963647323388505	0.14573046289576397	15
1	8455000	8925000	chr1:8455000-8925000	2.6205407288702216	0.0034895503989736953	48
1	8790000	8920000	chr1:8790000-8920000	1.2547645912126466	0.033701742889232	14
1	8940000	9645000	chr1:8940000-9645000	29.484956288345412	0.0	71
1	8940000	9295000	chr1:8940000-9295000	8.008268174627432	8.145638941137179e-09	36
1	8950000	9065000	chr1:8950000-9065000	-0.3797140023529986	0.24710089569813332	12
1	9065000	9165000	chr1:9065000-9165000	-1.2968655243022824	0.5089813541822742	11
1	9170000	9295000	chr1:9170000-9295000	-0.011476641416364798	0.17017808181723837	13
1	9330000	9550000	chr1:9330000-9550000	0.7552072073405065	0.06777077482315308	23
1	9555000	9650000	chr1:9555000-9650000	-0.2290477269341846	0.21332444765285496	11
1	9650000	10535000	chr1:9650000-10535000	26.93923367363896	0.0	89
1	9650000	9935000	chr1:9650000-9935000	4.488652018425832	7.753237975938188e-05	29
1	9675000	9780000	chr1:9675000-9780000	-0.3766039229292709	0.24637201582642954	12
1	9820000	9930000	chr1:9820000-9930000	-1.5877147803051797	0.6015426293284278	12
1	10005000	10095000	chr1:10005000-10095000	-1.4581166219031847	0.5604194790183359	10
1	10230000	10425000	chr1:10230000-10425000	-1.4212684949559977	0.5486648201803817	20
1	10555000	11020000	chr1:10555000-11020000	6.4490842480679325	6.286408138489463e-07	48
1	10565000	10725000	chr1:10565000-10725000	-0.3626956389717218	0.24312879675118615	17
1	10750000	11005000	chr1:10750000-11005000	-0.6318797336583378	0.31048237713703386	26
1	11075000	11840000	chr1:11075000-11840000	40.87699473291508	0.0	78
1	11075000	11330000	chr1:11075000-11330000	3.5476315874785196	0.0005717568312806343	27
1	11090000	11720000	chr1:11090000-11720000	25.221090266371807	0.0	64
1	11360000	11705000	chr1:11360000-11705000	4.615401559537528	5.8211183181500203e-05	35
1	11705000	11800000	chr1:11705000-11800000	0.21189335773684456	0.13272781831211844	11
1	11875000	11970000	chr1:11875000-11970000	1.406279105359044	0.026874190918472207	11
1	12055000	12150000	chr1:12055000-12150000	0.49498579764048745	0.09461372374305821	11
1	12170000	12290000	chr1:12170000-12290000	-1.0239200611752786	0.4234922017563716	13
1	12325000	12740000	chr1:12325000-12740000	21.972965203858646	0.0	43
1	13770000	13955000	chr1:13770000-13955000	-0.44478331701965645	0.2626560228343672	19
1	13775000	14310000	chr1:13775000-14310000	25.555633864904713	0.0	55
1	13985000	14140000	chr1:13985000-14140000	3.493562504580475	0.0006394134508227456	17
1	14150000	14295000	chr1:14150000-14295000	-1.8410574315983221	0.6795325127506392	15
1	15430000	15835000	chr1:15430000-15835000	8.032295144767438	7.593118578341773e-09	41
1	15450000	15610000	chr1:15450000-15610000	0.11688722968600442	0.14782700229611578	17
1	15645000	15765000	chr1:15645000-15765000	-1.320825284730438	0.5166130430582359	13
1	15850000	16085000	chr1:15850000-16085000	0.48751643536762956	0.09549456226877107	24
1	15870000	16390000	chr1:15870000-16390000	19.090744365423376	0.0	53
1	15945000	16075000	chr1:15945000-16075000	-1.4413214692617209	0.5550635152143972	14
1	16115000	16335000	chr1:16115000-16335000	8.642664821390882	1.2349393729849112e-09	23
1	16400000	16520000	chr1:16400000-16520000	0.45766530306434383	0.0990780907152955	13
1	16575000	16690000	chr1:16575000-16690000	-1.0350384397047325	0.426896923808032	13
1	16695000	16835000	chr1:16695000-16835000	-1.2172757809121213	0.4837275832110155	15
1	17250000	17380000	chr1:17250000-17380000	0.10079734039945723	0.15050442564757038	14
1	17455000	17565000	chr1:17455000-17565000	-0.9005669818633874	0.38635378808335363	12
1	17735000	17960000	chr1:17735000-17960000	2.800744489656284	0.0024955101604334784	24
1	17820000	17945000	chr1:17820000-17945000	-1.2855985539865469	0.5053966898722638	13
1	17970000	18910000	chr1:17970000-18910000	36.953231273358455	0.0	95
1	18915000	19165000	chr1:18915000-19165000	0.8034245264505097	0.06356020932705508	26
1	19205000	19575000	chr1:19205000-19575000	6.100958046061169	1.5630872333138868e-06	38
1	19205000	19400000	chr1:19205000-19400000	3.433465196756881	0.0007227446428023088	21
1	19415000	19575000	chr1:19415000-19575000	0.04882633322071909	0.15939492494179963	17
1	19665000	19985000	chr1:19665000-19985000	6.78151629876049	2.579846654082729e-07	33
1	19715000	19815000	chr1:19715000-19815000	-1.3430471449127261	0.5236981651044094	11
1	19820000	19920000	chr1:19820000-19920000	-1.7618202199262873	0.6556241987139132	11
1	19985000	20190000	chr1:19985000-20190000	2.779972103764142	0.0025951371503071252	22
1	20195000	20840000	chr1:20195000-20840000	32.357227463387055	0.0	66
1	20235000	20520000	chr1:20235000-20520000	9.619489533243833	5.962041971230292e-11	30
1	20535000	20950000	chr1:20535000-20950000	4.378547577716602	9.914208159211846e-05	43
1	20540000	20830000	chr1:20540000-20830000	4.04758620730824	0.0002038014939118593	30
1	20835000	20980000	chr1:20835000-20980000	1.3324747669509929	0.03003266815876171	16
1	21005000	21530000	chr1:21005000-21530000	11.168281822449067	3.6215475063272606e-13	54
1	21540000	21930000	chr1:21540000-21930000	12.319175889670946	6.5503158452884236e-15	40
1	21555000	21700000	chr1:21555000-21700000	0.19953120523775045	0.13462431107891404	16
1	21995000	22335000	chr1:21995000-22335000	7.280565059480372	6.527853668725214e-08	35
1	22010000	22110000	chr1:22010000-22110000	1.0397808885171453	0.045940175685712514	11
1	22110000	22305000	chr1:22110000-22305000	2.807514838115443	0.00246364356771811	20
1	22345000	22440000	chr1:22345000-22440000	-1.2307838286635182	0.48800008177220633	11
1	22425000	23290000	chr1:22425000-23290000	16.593427703686075	0.0	88
1	22430000	22990000	chr1:22430000-22990000	15.560103783848842	0.0	57
1	22440000	22735000	chr1:22440000-22735000	1.2142170859069257	0.035766975965295544	30
1	22745000	22980000	chr1:22745000-22980000	3.3943204686152653	0.0007820474725405147	25
1	23000000	23265000	chr1:23000000-23265000	-1.4242675146260453	0.5496218153712109	27
1	23295000	23610000	chr1:23295000-23610000	9.196505226642675	2.2560397994197956e-10	33
1	23420000	23515000	chr1:23420000-23515000	-1.9821640973246069	0.7206188595383002	10
1	23625000	23735000	chr1:23625000-23735000	0.5230506351528096	0.0913630919229752	12
1	23810000	23995000	chr1:23810000-23995000	4.957902981344706	2.6342146945856904e-05	19
1	23870000	23965000	chr1:23870000-23965000	-1.3317606444955814	0.520099228193985	10
1	24380000	24965000	chr1:24380000-24965000	5.905987072430659	2.577433303008192e-06	59
1	24525000	24720000	chr1:24525000-24720000	-0.5762105665926152	0.29578677662555586	21
1	24740000	24965000	chr1:24740000-24965000	1.8626985559592195	0.013066965070033576	23
1	24970000	25170000	chr1:24970000-25170000	-1.4115602129446	0.545566029341239	21
1	24975000	25560000	chr1:24975000-25560000	21.86604631830347	0.0	60
1	25175000	25550000	chr1:25175000-25550000	13.477679415513823	1.1102230246251565e-16	39
1	25230000	25545000	chr1:25230000-25545000	9.60075021458845	6.327816048923296e-11	32
1	25265000	25365000	chr1:25265000-25365000	1.8176181039541606	0.014067466437673537	11
1	25725000	25870000	chr1:25725000-25870000	0.22421075144201189	0.13085840555225325	16
1	25870000	26140000	chr1:25870000-26140000	4.442896660987633	8.590334730029792e-05	28
1	26150000	26350000	chr1:26150000-26350000	4.373705262256586	0.00010021307479468611	21
1	26365000	26500000	chr1:26365000-26500000	2.393384005695557	0.0052650601051056345	15
1	26365000	26775000	chr1:26365000-26775000	7.63259463113437	2.412224453518519e-08	42
1	26575000	26755000	chr1:26575000-26755000	2.9937838826734047	0.001727003109744718	19
1	26805000	27230000	chr1:26805000-27230000	3.246138795874538	0.001052892805577188	44
1	26810000	26910000	chr1:26810000-26910000	-1.3168211655015256	0.5153370247930364	11
1	27025000	27115000	chr1:27025000-27115000	0.652153072679845	0.07754130235469325	10
1	27120000	27225000	chr1:27120000-27225000	0.03628907866915802	0.16159534951401155	11
1	27315000	28055000	chr1:27315000-28055000	19.029790766733672	0.0	75
1	27430000	27620000	chr1:27430000-27620000	1.310097409683658	0.031051501391761605	20
1	27620000	27725000	chr1:27620000-27725000	-1.9219899854312252	0.7033547862453584	11
1	27725000	27995000	chr1:27725000-27995000	1.753615201910652	0.015605863537538345	28
1	27735000	27885000	chr1:27735000-27885000	0.6033585494721472	0.08255146541268332	16
1	28150000	28570000	chr1:28150000-28570000	13.10679886168601	3.3306690738754696e-16	43
1	28170000	28315000	chr1:28170000-28315000	2.041038274582265	0.009706913901042835	15
1	28410000	28545000	chr1:28410000-28545000	1.318841225028525	0.03064987592111046	14
1	28575000	28975000	chr1:28575000-28975000	4.486004866604964	7.799471204750219e-05	41
1	28575000	28685000	chr1:28575000-28685000	-0.07284699200374765	0.18167390259105687	12
1	28710000	28830000	chr1:28710000-28830000	-0.8764554941145345	0.37924434934360274	13
1	28835000	28970000	chr1:28835000-28970000	0.33595391410436015	0.11479559929450422	15
1	28975000	29080000	chr1:28975000-29080000	-1.19861634612128	0.47783557770762364	12
1	29095000	29205000	chr1:29095000-29205000	-0.7879641297303642	0.3536283906002968	12
1	29095000	29550000	chr1:29095000-29550000	14.68923681012142	0.0	47
1	29210000	29365000	chr1:29210000-29365000	-0.6798936109797664	0.3234589462908959	16
1	29565000	29880000	chr1:29565000-29880000	7.483094180034582	3.691138517059045e-08	32
1	31185000	31410000	chr1:31185000-31410000	6.570609433307999	4.5500206780069163e-07	24
1	31265000	31400000	chr1:31265000-31400000	2.0822402245743103	0.009052420524685356	15
1	31415000	31535000	chr1:31415000-31535000	-1.5771348921951474	0.598204789286787	13
1	31635000	31850000	chr1:31635000-31850000	0.3192777546030502	0.11709118558266973	23
1	31895000	32015000	chr1:31895000-32015000	0.852622440345157	0.059489790608010074	13
1	32110000	32260000	chr1:32110000-32260000	0.7036132076994517	0.07252772907134442	16
1	32275000	32480000	chr1:32275000-32480000	4.5538494483959475	6.693608715890864e-05	22
1	32650000	32865000	chr1:32650000-32865000	1.1927743842424008	0.03690288873493597	22
1	32665000	32800000	chr1:32665000-32800000	-1.2786422845503096	0.503184333102444	15
1	32905000	33275000	chr1:32905000-33275000	10.785083600569322	1.323274823050724e-12	38
1	32980000	33120000	chr1:32980000-33120000	1.5640672836746958	0.021081900506845774	15
1	33155000	33250000	chr1:33155000-33250000	1.1307321763067726	0.04036450224772181	11
1	33370000	33555000	chr1:33370000-33555000	0.41732494187484404	0.1040882906697922	19
1	33590000	33960000	chr1:33590000-33960000	4.354436394254097	0.00010458468807339472	38
1	33745000	33950000	chr1:33745000-33950000	3.3595990848909465	0.0008386850711110672	22
1	33840000	33940000	chr1:33840000-33940000	-0.7567951863821707	0.34479568506827984	11
1	34105000	34530000	chr1:34105000-34530000	-1.2280165430003422	0.4871243772530428	44
1	34920000	35065000	chr1:34920000-35065000	-0.09714969424725144	0.1863723937506454	15
1	35475000	35640000	chr1:35475000-35640000	-2.2566892418307005	0.7935168067151894	18
1	35645000	35830000	chr1:35645000-35830000	-0.8940773903173649	0.38443476828029954	20
1	35655000	35770000	chr1:35655000-35770000	-2.3332237404750353	0.811879918081342	13
1	35910000	36025000	chr1:35910000-36025000	-1.2631876053256654	0.4982741227842402	12
1	36035000	36245000	chr1:36035000-36245000	3.2651700216015724	0.0010140441126345046	22
1	36335000	36550000	chr1:36335000-36550000	0.23344899545246478	0.12946969087644578	23
1	36555000	36930000	chr1:36555000-36930000	3.4776491398741594	0.0006602194608280598	39
1	36555000	36770000	chr1:36555000-36770000	0.9640201217614164	0.051071733795865604	23
1	36775000	36915000	chr1:36775000-36915000	-0.41366878859910633	0.2551467574419837	15
1	36960000	37910000	chr1:36960000-37910000	13.143444475240097	3.3306690738754696e-16	96
1	37795000	37900000	chr1:37795000-37900000	-1.4423837240662274	0.5554023080990483	12
1	37910000	38165000	chr1:37910000-38165000	2.58995202984106	0.0036913240402867142	26
1	37920000	38475000	chr1:37920000-38475000	12.18969912327993	1.0325074129013956e-14	56
1	38060000	38170000	chr1:38060000-38170000	-1.0566054371380986	0.4335251781421662	12
1	38165000	38260000	chr1:38165000-38260000	-2.101781772872042	0.7536473230336178	11
1	38340000	38470000	chr1:38340000-38470000	-0.41512742882103787	0.25549582034428087	14
1	38485000	39310000	chr1:38485000-39310000	29.147369418216535	0.0	84
1	38655000	39215000	chr1:38655000-39215000	16.095119621077657	0.0	57
1	38930000	39060000	chr1:38930000-39060000	1.4218337996243997	0.026246754300288888	14
1	39075000	39295000	chr1:39075000-39295000	4.213255342353313	0.00014259335733812772	23
1	39320000	39545000	chr1:39320000-39545000	-0.26889747101982153	0.2219501900265658	23
1	39335000	39450000	chr1:39335000-39450000	-1.813751002728001	0.6713536419418251	13
1	39550000	40040000	chr1:39550000-40040000	4.052123257382662	0.00020183774045412495	50
1	39560000	39740000	chr1:39560000-39740000	1.4548652590981044	0.024957552585577192	19
1	39740000	40025000	chr1:39740000-40025000	-0.8621012127130262	0.3750372006678069	29
1	40040000	40200000	chr1:40040000-40200000	-1.6390967250554185	0.6176814431838884	17
1	40265000	40510000	chr1:40265000-40510000	1.2853750652786966	0.03221286865319184	26
1	40370000	40510000	chr1:40370000-40510000	-0.06422762674691013	0.1800277545878577	15
1	40535000	40900000	chr1:40535000-40900000	5.1153613517741885	1.8137566001552585e-05	38
1	40900000	41000000	chr1:40900000-41000000	0.7271432455620792	0.07032564066705693	11
1	41005000	41445000	chr1:41005000-41445000	14.911582300182033	0.0	45
1	41150000	41320000	chr1:41150000-41320000	1.2239824332250258	0.03526012238655385	18
1	41330000	41445000	chr1:41330000-41445000	0.9191119577665396	0.05433625410106724	12
1	41510000	41710000	chr1:41510000-41710000	-1.125157436419088	0.4547830643305777	21
1	41590000	41710000	chr1:41590000-41710000	-1.9852665883917973	0.7214980142826171	13
1	41725000	41925000	chr1:41725000-41925000	0.5197015612257124	0.09174618692841918	21
1	41985000	42525000	chr1:41985000-42525000	23.522361038615266	0.0	55
1	42025000	42360000	chr1:42025000-42360000	6.7181526524427575	3.061922527747285e-07	35
1	42060000	42240000	chr1:42060000-42240000	-0.07198817355336323	0.1815094043979052	19
1	42370000	42505000	chr1:42370000-42505000	-1.1732008365336433	0.46983188434992385	14
1	42645000	42800000	chr1:42645000-42800000	-1.2184400419125234	0.4840957223874668	17
1	42800000	43230000	chr1:42800000-43230000	5.554550342727088	6.231632237896356e-06	44
1	42805000	42925000	chr1:42805000-42925000	-0.3952174089846319	0.2507552919350947	13
1	43235000	43570000	chr1:43235000-43570000	9.304463237465791	1.6105861089243945e-10	35
1	43240000	43375000	chr1:43240000-43375000	0.08870977957949094	0.1525391882166448	14
1	43380000	43545000	chr1:43380000-43545000	2.3254601804793107	0.005938406547470687	17
1	43660000	44535000	chr1:43660000-44535000	22.711155378429083	0.0	88
1	43675000	43920000	chr1:43675000-43920000	4.517810923357793	7.260946566611803e-05	26
1	43995000	44110000	chr1:43995000-44110000	-1.6357478144314823	0.6166336340164964	13
1	44115000	44210000	chr1:44115000-44210000	-0.9426502299624212	0.3988855456482028	11
1	44225000	44410000	chr1:44225000-44410000	1.4240934918145356	0.026156792974940335	20
1	44545000	45130000	chr1:44545000-45130000	14.774314613697358	0.0	60
1	44545000	44675000	chr1:44545000-44675000	0.48257710367841705	0.09608035476885268	14
1	44680000	44815000	chr1:44680000-44815000	0.1598718742164256	0.14084543717086173	14
1	44825000	45090000	chr1:44825000-45090000	6.213023645338262	1.1687381393787888e-06	28
1	45185000	45295000	chr1:45185000-45295000	-1.1947017244895863	0.4766010871319756	12
1	45190000	45480000	chr1:45190000-45480000	10.683814918161284	1.8570700532904993e-12	30
1	45285000	45770000	chr1:45285000-45770000	7.331895286447864	5.653353418733076e-08	50
1	45300000	45475000	chr1:45300000-45475000	-0.9339675673888896	0.39628736087787364	18
1	45480000	45765000	chr1:45480000-45765000	1.7691486117163553	0.015218973145743386	29
1	45775000	46050000	chr1:45775000-46050000	5.8639028293779285	2.8684959965108447e-06	29
1	45805000	45960000	chr1:45805000-45960000	0.5984981748544793	0.08306486795009793	17
1	46055000	46710000	chr1:46055000-46710000	13.307084407413138	2.220446049250313e-16	67
1	46055000	46480000	chr1:46055000-46480000	7.346607813857569	5.4245748781767134e-08	44
1	46075000	46370000	chr1:46075000-46370000	4.259645547525365	0.0001288558572754006	31
1	46495000	46660000	chr1:46495000-46660000	0.6725053609719099	0.07552522688405428	18
1	46710000	46835000	chr1:46710000-46835000	0.3148530073057203	0.11770643684805204	13
1	46845000	47205000	chr1:46845000-47205000	3.718715215884865	0.00040468518873015835	37
1	46860000	47020000	chr1:46860000-47020000	0.6834478748712776	0.07445940494051517	17
1	47065000	47190000	chr1:47065000-47190000	-0.2723529074264884	0.2227086158399113	14
1	47225000	47640000	chr1:47225000-47640000	3.5420125756684766	0.0005785649991691955	43
1	47645000	47865000	chr1:47645000-47865000	8.74699895654782	8.998805034465818e-10	23
1	47905000	48190000	chr1:47905000-48190000	1.041076159379114	0.04585643555917396	30
1	48555000	48700000	chr1:48555000-48700000	-2.0234704647286006	0.7322272553697651	16
1	49010000	49345000	chr1:49010000-49345000	5.102348214477395	1.8709440735786842e-05	34
1	49180000	49285000	chr1:49180000-49285000	-0.9232635363923746	0.39309284779124987	11
1	49365000	50810000	chr1:49365000-50810000	23.34112804312981	0.0	146
1	50825000	51180000	chr1:50825000-51180000	0.2768764777334616	0.12308762115558625	37
1	51230000	51670000	chr1:51230000-51670000	7.218680949860784	7.759132514273404e-08	45
1	51535000	51655000	chr1:51535000-51655000	-1.5157887659805038	0.5787753776110709	13
1	51665000	51775000	chr1:51665000-51775000	-1.0374665625220236	0.4276415866756359	12
1	51790000	52310000	chr1:51790000-52310000	2.047361513823287	0.00960365256497675	53
1	51815000	52010000	chr1:51815000-52010000	0.23858244388281602	0.12870232337190457	21
1	52045000	52250000	chr1:52045000-52250000	-1.507022298292421	0.575989644941163	22
1	52345000	52490000	chr1:52345000-52490000	-1.0136209075860336	0.4203469769315267	16
1	52580000	52800000	chr1:52580000-52800000	-0.98578888074489	0.41188415433619463	23
1	52870000	53160000	chr1:52870000-53160000	-1.1017181245873569	0.4474838057208772	30
1	53020000	53145000	chr1:53020000-53145000	-1.6789107939602137	0.6300947318563068	13
1	53165000	53305000	chr1:53165000-53305000	-0.9741262608891034	0.40835495727683724	15
1	53705000	53880000	chr1:53705000-53880000	1.77893012226061	0.014979901113746363	19
1	53710000	54245000	chr1:53710000-54245000	11.035907067184965	5.679900993982301e-13	54
1	53930000	54220000	chr1:53930000-54220000	3.7875282835085886	0.00035152440989238976	30
1	54290000	54520000	chr1:54290000-54520000	4.213660423281869	0.00014246762082970044	24
1	54305000	54430000	chr1:54305000-54430000	-0.16792397703192263	0.2005291205777311	14
1	54515000	55340000	chr1:54515000-55340000	34.72014161693151	0.0	84
1	54565000	54975000	chr1:54565000-54975000	11.5679480891712	9.170442183403793e-14	42
1	55135000	55280000	chr1:55135000-55280000	-1.348629046291251	0.5254795416546676	16
1	55370000	55505000	chr1:55370000-55505000	-1.6686326859379246	0.6268994818680327	14
1	55545000	55750000	chr1:55545000-55750000	0.741261074647616	0.06903015293270698	22
1	56325000	57075000	chr1:56325000-57075000	8.287663854351056	3.577947937927206e-09	76
1	56870000	57050000	chr1:56870000-57050000	1.2917081184227215	0.031912007491929906	19
1	57285000	58515000	chr1:57285000-58515000	12.280249230146008	7.438494264988549e-15	124
1	58525000	58640000	chr1:58525000-58640000	-2.4225702521662313	0.832124013620685	13
1	58965000	59160000	chr1:58965000-59160000	-0.7537709171730507	0.3439443049698201	21
1	59205000	59615000	chr1:59205000-59615000	7.9917237890874775	8.548813767994545e-09	42
1	59370000	59505000	chr1:59370000-59505000	-0.9891315958849617	0.4128975993131707	14
1	59615000	59740000	chr1:59615000-59740000	-0.9726491057432225	0.40790875951752803	14
1	59770000	60225000	chr1:59770000-60225000	-0.1784310577664603	0.20269079191233175	46
1	60330000	60430000	chr1:60330000-60430000	-1.7450463134530214	0.6504981386792801	11
1	60435000	61285000	chr1:60435000-61285000	17.116758762227786	0.0	86
1	60555000	61240000	chr1:60555000-61240000	9.683368522078384	4.864852964914235e-11	70
1	61505000	61935000	chr1:61505000-61935000	13.180692531797387	3.3306690738754696e-16	44
1	62135000	62320000	chr1:62135000-62320000	-0.34074467100690087	0.2380626735805188	20
1	62625000	62885000	chr1:62625000-62885000	-0.8045904378503052	0.3583811795244053	27
1	62900000	63275000	chr1:62900000-63275000	2.0177970331094905	0.010095430607362399	38
1	63345000	63765000	chr1:63345000-63765000	-1.1637312847281194	0.46685707295856804	43
1	63780000	64015000	chr1:63780000-64015000	3.320135160786162	0.0009087593742067579	24
1	64075000	64730000	chr1:64075000-64730000	7.01012908775297	1.3821814903725027e-07	67
1	64745000	65130000	chr1:64745000-65130000	-0.5920810248416996	0.29993704987957925	40
1	65305000	65510000	chr1:65305000-65510000	0.23417690494360982	0.12936068698896608	22
1	65525000	65690000	chr1:65525000-65690000	3.3921201154369385	0.0007855994348291429	18
1	65730000	65885000	chr1:65730000-65885000	-1.883807040575061	0.6921967731247367	16
1	66425000	66700000	chr1:66425000-66700000	0.6471425212884514	0.07804397330801738	29
1	66710000	66915000	chr1:66710000-66915000	1.4503723832352962	0.02512968761598744	21
1	66720000	66815000	chr1:66720000-66815000	-0.1963749139517707	0.2064194287423059	10
1	66970000	67205000	chr1:66970000-67205000	-1.6876623379050602	0.6328111788983194	24
1	67235000	67385000	chr1:67235000-67385000	-0.08683612921353702	0.18436780133750896	16
1	67395000	67985000	chr1:67395000-67985000	17.315377872312993	0.0	60
1	67440000	67630000	chr1:67440000-67630000	-1.4899211390639888	0.570549901441134	20
1	67680000	67975000	chr1:67680000-67975000	11.455768696140316	1.3511414209688155e-13	30
1	67995000	68235000	chr1:67995000-68235000	1.6212114695745952	0.019275129432371974	25
1	68045000	68140000	chr1:68045000-68140000	-0.5617839915491833	0.2920413347323495	11
1	68315000	68560000	chr1:68315000-68560000	5.193134252563088	1.50550050778131e-05	26
1	68580000	68820000	chr1:68580000-68820000	-2.0094054099084477	0.7282973554182912	25
1	68985000	70260000	chr1:68985000-70260000	18.05455000878698	0.0	129
1	70595000	70985000	chr1:70595000-70985000	4.484739687002861	7.821660541207365e-05	40
1	70690000	70820000	chr1:70690000-70820000	-1.1882157104602222	0.4745567782428829	14
1	71070000	71525000	chr1:71070000-71525000	-0.9726690483323663	0.40791478230075495	46
1	74990000	75185000	chr1:74990000-75185000	-0.3960195027592411	0.2509452026147576	20
1	75225000	75670000	chr1:75225000-75670000	2.7612362489874442	0.0026877624461558725	46
1	75690000	76120000	chr1:75690000-76120000	5.376232481544758	9.661838662022859e-06	44
1	76355000	76595000	chr1:76355000-76595000	-0.9231050592924833	0.3930456330660106	25
1	76620000	76775000	chr1:76620000-76775000	-1.018796676988084	0.4219264709067626	16
1	77340000	77595000	chr1:77340000-77595000	-0.20965935590264528	0.20920914610325891	26
1	77355000	77545000	chr1:77355000-77545000	-1.0513862894609205	0.43191849903490753	20
1	77610000	78000000	chr1:77610000-78000000	1.8186805226930605	0.014043151845024804	40
1	78035000	78475000	chr1:78035000-78475000	0.44805543295807526	0.10025380147144802	45
1	78040000	78145000	chr1:78040000-78145000	-1.4676297877035196	0.5634518101255431	11
1	78465000	78590000	chr1:78465000-78590000	1.1905777497530237	0.03702089949633103	14
1	78605000	79070000	chr1:78605000-79070000	-0.788019110823188	0.35364406638655443	48
1	79315000	79710000	chr1:79315000-79710000	-0.1647470687365873	0.1998785349251846	41
1	79935000	80560000	chr1:79935000-80560000	1.7084211520016337	0.016781358419209913	64
1	79960000	80405000	chr1:79960000-80405000			45
1	81855000	82280000	chr1:81855000-82280000	0.04482053947747333	0.16009580050968952	44
1	81935000	82305000	chr1:81935000-82305000	2.7301696953704444	0.0028481003458711296	38
1	82010000	82235000	chr1:82010000-82235000	-1.4560809137028699	0.5597703026909495	23
1	84370000	84600000	chr1:84370000-84600000	-1.5166442868683174	0.5790471600296294	24
1	84640000	84900000	chr1:84640000-84900000	-1.3575305458212246	0.528319170482984	27
1	84900000	85225000	chr1:84900000-85225000	9.392835199937371	1.2206391453162269e-10	33
1	84945000	85090000	chr1:84945000-85090000	-0.504781432074479	0.2775014315416229	16
1	85095000	85225000	chr1:85095000-85225000	1.6084085896730684	0.01966715405603947	14
1	85240000	85395000	chr1:85240000-85395000	-0.7770125181222022	0.350512526575146	16
1	85400000	85745000	chr1:85400000-85745000	5.852149286571947	2.9553243916513594e-06	35
1	85405000	85520000	chr1:85405000-85520000	0.286570422805926	0.12169631899556055	13
1	85545000	85735000	chr1:85545000-85735000	1.3742993804969381	0.028204887251010224	20
1	85765000	86030000	chr1:85765000-86030000	-0.8905577319391895	0.3833955562806709	28
1	86070000	86175000	chr1:86070000-86175000	-0.7749801040671023	0.34993594656068017	11
1	86360000	86485000	chr1:86360000-86485000	-0.15380363304998534	0.19764823379129304	13
1	86830000	87145000	chr1:86830000-87145000	2.92006329353269	0.0019897608949839274	32
1	86835000	86980000	chr1:86835000-86980000	-0.3332998186256067	0.2363594285942896	16
1	87295000	87565000	chr1:87295000-87565000	4.996187197259537	2.406901863427624e-05	28
1	87590000	87765000	chr1:87590000-87765000	-0.7676969676934206	0.3478732792761565	18
1	87770000	88440000	chr1:87770000-88440000	21.58918516911265	0.0	68
1	88625000	89060000	chr1:88625000-89060000	1.0581315275001129	0.044765240750421986	45
1	89120000	89355000	chr1:89120000-89355000	-1.5148966875711596	0.578491962247536	24
1	89440000	89925000	chr1:89440000-89925000	1.434422473791637	0.025749048151582965	49
1	89450000	89830000	chr1:89450000-89830000	-0.47613422391544447	0.2703536150718635	39
1	89830000	89925000	chr1:89830000-89925000	-1.0547135030318078	0.4329425802410398	10
1	89945000	90480000	chr1:89945000-90480000	14.087499776605398	0.0	55
1	89945000	90245000	chr1:89945000-90245000	6.676129303519982	3.4289688322086675e-07	31
1	89965000	90075000	chr1:89965000-90075000	-1.295199987731672	0.5084513791160299	12
1	90095000	90235000	chr1:90095000-90235000	0.2683366987927939	0.12432347556366863	15
1	90260000	90465000	chr1:90260000-90465000	0.41332527498845784	0.10459569300218963	21
1	90565000	91065000	chr1:90565000-91065000	3.5181747094663303	0.0006082445824298066	51
1	91340000	91635000	chr1:91340000-91635000	1.5990536550080412	0.01995863878557269	30
1	91965000	92395000	chr1:91965000-92395000	4.2415732527406265	0.00013405160232882185	44
1	92435000	92720000	chr1:92435000-92720000	-1.7271275430480701	0.6449991025771463	30
1	92765000	93090000	chr1:92765000-93090000	6.423867242858183	6.720262014647815e-07	34
1	92780000	92920000	chr1:92780000-92920000	-1.1399453714813157	0.45940291240157627	15
1	92935000	93070000	chr1:92935000-93070000	0.2627183201386446	0.12514175292860852	15
1	93105000	93290000	chr1:93105000-93290000	-1.476718286019573	0.5663470147852281	20
1	93295000	93720000	chr1:93295000-93720000	0.8581436109150798	0.05904725883052708	44
1	93305000	93470000	chr1:93305000-93470000	-0.907756335280138	0.3884834636293333	18
1	93545000	93720000	chr1:93545000-93720000	0.35961497626086275	0.11159746700663575	19
1	93545000	93650000	chr1:93545000-93650000	1.6020715419793143	0.019864219042234343	12
1	94080000	94310000	chr1:94080000-94310000	2.387798959998934	0.005317798655532724	24
1	94480000	94825000	chr1:94480000-94825000	0.08081268909303875	0.153879600310177	35
1	94975000	95280000	chr1:94975000-95280000	2.2917643743932543	0.006301444886469332	32
1	95310000	95520000	chr1:95310000-95520000	-2.498589331079671	0.8483020032539896	22
1	95545000	95705000	chr1:95545000-95705000	-1.3505271662270577	0.5260851951069809	17
1	97185000	97295000	chr1:97185000-97295000	-1.306811631679266	0.5121483124902222	12
1	97425000	97530000	chr1:97425000-97530000	-1.2857080512903745	0.5054315245483767	12
1	99605000	100175000	chr1:99605000-100175000	8.858070235589045	6.412326225557763e-10	58
1	100215000	100925000	chr1:100215000-100925000	25.871760701613024	0.0	72
1	100265000	100505000	chr1:100265000-100505000	-1.6914432292303945	0.6339832729893609	25
1	100505000	100600000	chr1:100505000-100600000	-2.462363714083513	0.840713898370745	11
1	100610000	100715000	chr1:100610000-100715000	-0.47427325864504394	0.2698929585075408	11
1	100955000	101345000	chr1:100955000-101345000	8.31884554435968	3.261461989367831e-09	40
1	101360000	101930000	chr1:101360000-101930000	36.287885436156735	0.0	58
1	101580000	101755000	chr1:101580000-101755000	0.006457675411932206	0.16691846647645492	18
1	101760000	101920000	chr1:101760000-101920000	3.2142417930803426	0.001122181379259679	17
1	105235000	105325000	chr1:105235000-105325000	-0.8285442097912943	0.3652789476777307	10
1	107735000	108105000	chr1:107735000-108105000	8.800888975458093	7.636381527120761e-10	38
1	107965000	108075000	chr1:107965000-108075000	-0.4486228993243688	0.2635918767083042	12
1	108320000	108610000	chr1:108320000-108610000	1.5390291666952443	0.021920028895264787	30
1	109350000	109455000	chr1:109350000-109455000	-1.9676632848023172	0.7164959377990978	11
1	109655000	109745000	chr1:109655000-109745000	-0.5485893778056612	0.28863823109559994	10
1	109765000	110025000	chr1:109765000-110025000	3.646556876436016	0.0004683130904863386	27
1	109820000	109945000	chr1:109820000-109945000	-1.7799466095194687	0.6611397923635922	13
1	110165000	110575000	chr1:110165000-110575000	9.774931016860405	3.6307179485106644e-11	41
1	110190000	110320000	chr1:110190000-110320000	-0.005081213487052848	0.16901054646338487	13
1	110325000	110530000	chr1:110325000-110530000	2.1613609558054674	0.007905430911679057	22
1	110575000	110665000	chr1:110575000-110665000	-1.9285659178516292	0.7052609397761773	10
1	110710000	111040000	chr1:110710000-111040000	6.714494244602851	3.092290046247115e-07	34
1	110740000	110865000	chr1:110740000-110865000	-1.5916682433848006	0.6027886857678352	13
1	111055000	111160000	chr1:111055000-111160000	-0.03483553893413435	0.1744911391776831	12
1	111055000	111335000	chr1:111055000-111335000	10.660316184097917	2.0085044738493707e-12	29
1	111165000	111325000	chr1:111165000-111325000	-0.909164657564437	0.3889011580164984	17
1	111575000	111670000	chr1:111575000-111670000	-1.8162315637596473	0.6720993032844367	11
1	111670000	111765000	chr1:111670000-111765000	0.07821669591511325	0.15432198092494076	10
1	111765000	111980000	chr1:111765000-111980000	-0.0628605578006259	0.17976760425693905	23
1	112000000	112315000	chr1:112000000-112315000	6.4667603638005025	5.998682149899182e-07	32
1	112345000	112830000	chr1:112345000-112830000	0.1314990844014581	0.14542596083853343	50
1	112350000	112885000	chr1:112350000-112885000	1.0477962848978295	0.04542408788942387	54
1	112915000	113255000	chr1:112915000-113255000	0.8003985747026838	0.06381798829784435	35
1	113040000	113160000	chr1:113040000-113160000	-1.6180228356064257	0.6110773218313418	13
1	113160000	113255000	chr1:113160000-113255000	-0.929075363479822	0.394825967976588	10
1	113260000	113360000	chr1:113260000-113360000	-0.05992194221942589	0.17920918014543785	11
1	113260000	113630000	chr1:113260000-113630000	5.830706051417368	3.1203467265594753e-06	38
1	113420000	113610000	chr1:113420000-113610000	1.9932709017729138	0.010520056478798279	20
1	113670000	114175000	chr1:113670000-114175000	0.7379924617431033	0.069328232678732	51
1	114265000	114510000	chr1:114265000-114510000	1.6319231388843958	0.018951249614933552	26
1	114520000	114850000	chr1:114520000-114850000	2.8540828022621865	0.002256414748867841	34
1	114880000	115300000	chr1:114880000-115300000	5.572147903861562	5.965615313185957e-06	43
1	114915000	115125000	chr1:114915000-115125000	2.157168633794904	0.007962859123794686	22
1	115505000	115665000	chr1:115505000-115665000	-0.734095411221679	0.3384284312127269	17
1	115695000	116115000	chr1:115695000-116115000	-0.22351821705106908	0.2121450202700743	43
1	116145000	116320000	chr1:116145000-116320000	-0.5682601282645274	0.29371927530440445	19
1	116335000	116540000	chr1:116335000-116540000	-0.48893694730846404	0.27353489926646335	22
1	116670000	117045000	chr1:116670000-117045000	7.220212240955598	7.726090189841273e-08	38
1	116900000	117040000	chr1:116900000-117040000	0.1345943873415254	0.14492090226779886	15
1	117110000	117610000	chr1:117110000-117610000	5.319301266254214	1.10987631199988e-05	51
1	117115000	117240000	chr1:117115000-117240000	0.006928512043664839	0.16683349869038544	14
1	117265000	117430000	chr1:117265000-117430000	-0.3561892277673363	0.2416198841098337	18
1	117275000	117370000	chr1:117275000-117370000	-0.5382646800920199	0.28599104543977005	11
1	117900000	118045000	chr1:117900000-118045000	-0.6449219637672419	0.31398064305190043	15
1	118070000	118235000	chr1:118070000-118235000	0.326224857466655	0.11613040886502413	17
1	119585000	119680000	chr1:119585000-119680000	-0.6977345725786464	0.32834943492736324	11
1	119815000	119915000	chr1:119815000-119915000	-1.6875840593756029	0.6327869005934539	11
1	144835000	145835000	chr1:144835000-145835000	16.839572773890815	0.0	100
1	146960000	147130000	chr1:146960000-147130000	0.6836903692258639	0.07443591601671506	18
1	149845000	150195000	chr1:149845000-150195000	3.826417924648183	0.0003244180846946332	36
1	149860000	150040000	chr1:149860000-150040000	1.4466761604698213	0.02527206528753345	19
1	149915000	150030000	chr1:149915000-150030000	-1.3238209702260926	0.517568019268918	13
1	150040000	150160000	chr1:150040000-150160000	-1.9544159224534066	0.7127079369278806	13
1	150420000	150980000	chr1:150420000-150980000	13.796016033179727	0.0	57
1	150520000	150970000	chr1:150520000-150970000	14.29435514922339	0.0	46
1	150980000	151145000	chr1:150980000-151145000	-0.9465293854341803	0.400047938388719	17
1	151155000	151250000	chr1:151155000-151250000	-1.9649801748504108	0.7157303055979243	11
1	151255000	151390000	chr1:151255000-151390000	0.6610169166485217	0.07665805264551762	15
1	151390000	151990000	chr1:151390000-151990000	11.907808475088688	2.7977620220553945e-14	61
1	151405000	151830000	chr1:151405000-151830000	8.786550859096447	7.977684068904978e-10	44
1	151415000	151510000	chr1:151415000-151510000	-0.27992735725938556	0.22437696087930248	11
1	151850000	152005000	chr1:151850000-152005000	-1.4778134669103853	0.5666957791220446	16
1	152020000	152450000	chr1:152020000-152450000	2.2987145082470595	0.00622501666409192	44
1	152020000	152165000	chr1:152020000-152165000	-1.3601974336570597	0.5291699967913356	15
1	152165000	152430000	chr1:152165000-152430000	1.3697055679758376	0.028400596944645362	28
1	153320000	153465000	chr1:153320000-153465000	0.2519837488140916	0.12671552481009563	15
1	153475000	153610000	chr1:153475000-153610000	0.12363764892379625	0.14671412228498037	15
1	153625000	153965000	chr1:153625000-153965000	6.207433359423871	1.1858786304053126e-06	35
1	153640000	153755000	chr1:153640000-153755000	-1.213770850098005	0.48261952119086626	12
1	153765000	153960000	chr1:153765000-153960000	2.1438638588088605	0.008147043445715818	21
1	153970000	154120000	chr1:153970000-154120000	-1.5598768303500004	0.592752039250033	16
1	154145000	154245000	chr1:154145000-154245000	-0.7992463916919598	0.35685033026716395	11
1	154315000	154445000	chr1:154315000-154445000	0.5035329273067165	0.09361372358982756	14
1	154315000	154530000	chr1:154315000-154530000	1.95124566119892	0.011286630412149279	23
1	154530000	155060000	chr1:154530000-155060000	12.823678894442892	1.1102230246251565e-15	54
1	154735000	154850000	chr1:154735000-154850000	-1.9825420812485601	0.7207260271150484	13
1	154920000	155035000	chr1:154920000-155035000	-0.3607505005768391	0.24267714033443033	12
1	155300000	155570000	chr1:155300000-155570000	1.631238465188987	0.018971785583981826	28
1	155620000	155715000	chr1:155620000-155715000	0.2407819764604511	0.12837453771665341	10
1	155825000	156040000	chr1:155825000-156040000	4.791707104194026	3.883060051923515e-05	23
1	155885000	156040000	chr1:155885000-156040000	3.1833295972144486	0.0011929674806873125	17
1	156045000	156305000	chr1:156045000-156305000	0.5932272176980845	0.08362414121423056	27
1	156310000	156425000	chr1:156310000-156425000	0.7002456739338744	0.07284762690500612	12
1	156320000	156590000	chr1:156320000-156590000	2.017637033402991	0.0100981557477271	28
1	156425000	156580000	chr1:156425000-156580000	-0.2549284937383317	0.21890121418328945	17
1	156585000	156695000	chr1:156585000-156695000	-1.996095881800054	0.7245568629888313	12
1	156630000	156870000	chr1:156630000-156870000	3.435280985051091	0.0007199981752674667	25
1	156750000	156865000	chr1:156750000-156865000	0.3078622288459453	0.11868333449473623	12
1	157045000	157140000	chr1:157045000-157140000	-1.0515379086336956	0.4319651521030966	11
1	157140000	157480000	chr1:157140000-157480000	6.4850737366007	5.71411856387094e-07	35
1	157160000	157310000	chr1:157160000-157310000	1.7468657198436404	0.015776457419875878	16
1	157345000	157460000	chr1:157345000-157460000	-0.8730429384398887	0.37824249507048135	13
1	157530000	157835000	chr1:157530000-157835000	-0.5409600066156636	0.2866807693639183	31
1	157930000	158100000	chr1:157930000-158100000	-0.27457360153662963	0.22319691310607714	18
1	158190000	158340000	chr1:158190000-158340000	-0.1520088495350689	0.1972840645459537	16
1	158740000	158925000	chr1:158740000-158925000	0.7764398200805638	0.06588917843075637	19
1	158745000	158975000	chr1:158745000-158975000	1.5217450246211301	0.02251613452872958	24
1	159095000	159200000	chr1:159095000-159200000	-2.1446711021256006	0.7650314211157561	12
1	159205000	159730000	chr1:159205000-159730000	-0.8286508298112804	0.36530977786478136	54
1	159740000	160000000	chr1:159740000-160000000	8.597954567907946	1.4135749237809137e-09	27
1	159755000	159880000	chr1:159755000-159880000	0.6048809113353114	0.08239113541212695	14
1	159895000	159995000	chr1:159895000-159995000	-1.8497048215163459	0.6821082203921496	11
1	160065000	160350000	chr1:160065000-160350000	10.828499812387328	1.1438627822712988e-12	30
1	160145000	160295000	chr1:160145000-160295000	-1.2038431699122303	0.47948440883457133	16
1	160390000	160585000	chr1:160390000-160585000	1.4553103390796451	0.024940553783581954	20
1	160420000	160515000	chr1:160420000-160515000	-1.64432009021073	0.6193150510161761	10
1	160640000	160965000	chr1:160640000-160965000	6.966778660553684	1.5569303390972067e-07	33
1	160675000	160805000	chr1:160675000-160805000	-0.42717864865016875	0.25839127124913663	14
1	160805000	160945000	chr1:160805000-160945000	-2.0860985051543564	0.7494213846919963	15
1	160965000	161130000	chr1:160965000-161130000	2.2173137608865865	0.007176375419491565	18
1	161155000	161360000	chr1:161155000-161360000	0.34336250267620433	0.11378707440907532	22
1	161185000	161275000	chr1:161185000-161275000	-0.7984313302242593	0.35661715055424104	10
1	161750000	162015000	chr1:161750000-162015000	5.21484248061852	1.4288996527334064e-05	27
1	162015000	162390000	chr1:162015000-162390000	7.376065765952747	4.993393809549218e-08	39
1	162030000	162270000	chr1:162030000-162270000	1.0600027442140922	0.04464682656521157	25
1	162580000	162775000	chr1:162580000-162775000	-0.06642720424003835	0.1804468437739034	20
1	162815000	163295000	chr1:162815000-163295000	0.4320693921393848	0.10223437935315671	49
1	163360000	164895000	chr1:163360000-164895000	54.62602175033848	0.0	154
1	165355000	165565000	chr1:165355000-165565000	-1.2097362787240167	0.4813447020899002	22
1	165590000	165890000	chr1:165590000-165890000	1.721642029319637	0.016429729001400717	31
1	165900000	166455000	chr1:165900000-166455000	2.052043533399581	0.009528146649364855	56
1	166865000	167030000	chr1:166865000-167030000	-1.9248927373607088	0.7041967942115475	18
1	167030000	167180000	chr1:167030000-167180000	-0.7974409086001742	0.35633390552248645	16
1	167190000	167520000	chr1:167190000-167520000	0.6989083221666141	0.0729749156118682	34
1	167195000	167350000	chr1:167195000-167350000	0.1996415566045546	0.13460728646738174	17
1	167410000	167510000	chr1:167410000-167510000	-0.9542198967951256	0.40235641198015004	11
1	167525000	167680000	chr1:167525000-167680000	3.2903542500485576	0.000964304369280744	17
1	167685000	167775000	chr1:167685000-167775000	-1.2359837995475733	0.4896466114638345	10
1	167775000	168055000	chr1:167775000-168055000	5.8452992094376945	3.0070988205066485e-06	29
1	167905000	168040000	chr1:167905000-168040000	-1.4022921386378486	0.5426077310410304	15
1	168405000	168550000	chr1:168405000-168550000	-0.46162438911272136	0.2667748468647443	16
1	168575000	169335000	chr1:168575000-169335000	35.14892703166228	0.0	77
1	168870000	169100000	chr1:168870000-169100000	-0.8903603881258761	0.38333732696001066	24
1	169130000	169320000	chr1:169130000-169320000	-1.2813608062768356	0.504048728318901	20
1	169350000	169520000	chr1:169350000-169520000	0.005538817929359261	0.16708437617678729	18
1	169520000	169780000	chr1:169520000-169780000	6.6123896077861115	4.0688968228064226e-07	27
1	169550000	169690000	chr1:169550000-169690000	2.220119010681142	0.007141524704971092	15
1	169905000	170045000	chr1:169905000-170045000	-0.7733693856252953	0.3494793316573789	15
1	170505000	170640000	chr1:170505000-170640000	-1.425109195733475	0.5498903841613263	15
1	170655000	170905000	chr1:170655000-170905000	-0.803596557323667	0.3580962212138499	26
1	171200000	171295000	chr1:171200000-171295000	-1.3665700738261455	0.531204013932794	10
1	171455000	171570000	chr1:171455000-171570000	-0.2344611661010496	0.21448322086626526	13
1	171770000	171955000	chr1:171770000-171955000	-1.5828979397674838	0.600023390992231	19
1	172045000	172395000	chr1:172045000-172395000	8.195490059804735	4.7002912673121955e-09	36
1	172145000	172360000	chr1:172145000-172360000	2.703156145898844	0.002995257729476397	23
1	172415000	172700000	chr1:172415000-172700000	6.966674538948607	1.5573749800879e-07	30
1	172575000	172695000	chr1:172575000-172695000	-0.6770875823987114	0.32269317084091687	13
1	172705000	173170000	chr1:172705000-173170000	4.5486793682073055	6.77231847201476e-05	48
1	172710000	172805000	chr1:172710000-172805000	-0.059912144775749486	0.17920732007805062	10
1	173175000	173390000	chr1:173175000-173390000	5.46713371806074	7.732487333544924e-06	23
1	173400000	173680000	chr1:173400000-173680000	1.4262124901119009	0.026072706762864106	29
1	173800000	173975000	chr1:173800000-173975000	2.2604380899662204	0.006656900689210987	18
1	174050000	174200000	chr1:174050000-174200000	-0.5299283442108181	0.28386375311498346	16
1	174225000	174710000	chr1:174225000-174710000	0.7284842251908819	0.07020180302101109	50
1	174735000	174970000	chr1:174735000-174970000	0.7417690969302934	0.06898394137351682	25
1	174990000	175315000	chr1:174990000-175315000	6.886647729739701	1.9384727756310838e-07	33
1	174995000	175110000	chr1:174995000-175110000	-0.6730209447067049	0.3215850372390452	13
1	175125000	175295000	chr1:175125000-175295000	2.463710176028208	0.0046419934148865805	18
1	175335000	175870000	chr1:175335000-175870000	2.8732964901322458	0.002175460701065668	55
1	175410000	175830000	chr1:175410000-175830000	1.4006298201158753	0.027105131427103135	43
1	175890000	176190000	chr1:175890000-176190000	-0.9154506604758567	0.39076780742710593	31
1	176065000	176175000	chr1:176065000-176175000	-2.2514462457762834	0.7922258711136851	12
1	176330000	176855000	chr1:176330000-176855000	0.48876097493595116	0.09534737181969433	53
1	176855000	177945000	chr1:176855000-177945000	4.889796569254547	3.090516509163255e-05	110
1	177195000	177925000	chr1:177195000-177925000	1.4208267773952346	0.026286949178770946	74
1	177950000	178205000	chr1:177950000-178205000	3.063468057016786	0.0015088706830658216	26
1	178290000	178485000	chr1:178290000-178485000	-1.316450068459349	0.5152187884661902	20
1	178490000	178995000	chr1:178490000-178995000	12.831425461253827	9.992007221626409e-16	51
1	178505000	178720000	chr1:178505000-178720000	-0.1876089874725398	0.20459265314044572	23
1	178745000	178980000	chr1:178745000-178980000	-1.3985075813088128	0.54139950913917	25
1	179040000	179345000	chr1:179040000-179345000	2.3144516419089967	0.006055202745291477	31
1	179060000	179200000	chr1:179060000-179200000	-1.1866342041433309	0.4740585702137209	15
1	179660000	179795000	chr1:179660000-179795000	-0.7770580839987644	0.35052545897560095	14
1	179820000	180145000	chr1:179820000-180145000	0.21161613346929206	0.13277013276214478	33
1	179830000	180000000	chr1:179830000-180000000	-0.49463395593255277	0.2749573303419952	18
1	180220000	180460000	chr1:180220000-180460000	3.470320373238155	0.0006705473691452912	25
1	180480000	180835000	chr1:180480000-180835000	10.805072340323838	1.2374545832471995e-12	36
1	180495000	180600000	chr1:180495000-180600000	-0.996356596089495	0.41509058645943686	12
1	180605000	180740000	chr1:180605000-180740000	-0.9181447183962376	0.39156892963761114	15
1	180840000	180980000	chr1:180840000-180980000	0.20339738448676403	0.1340289493744884	15
1	180845000	181140000	chr1:180845000-181140000	4.217250902436394	0.00014135771397683072	31
1	180985000	181140000	chr1:180985000-181140000	1.4182006972518046	0.026392086610148136	17
1	181150000	182040000	chr1:181150000-182040000	34.71287718902617	0.0	90
1	181160000	181395000	chr1:181160000-181395000	-2.0979719203964855	0.7526240075559134	24
1	181420000	182030000	chr1:181420000-182030000	17.51249733743255	0.0	62
1	181440000	181655000	chr1:181440000-181655000	1.3914491162148617	0.027484662466053744	22
1	181780000	181895000	chr1:181780000-181895000	-1.9588705889567668	0.7139838476395486	12
1	182050000	182375000	chr1:182050000-182375000	12.569226725595895	2.6645352591003757e-15	33
1	182420000	182545000	chr1:182420000-182545000	-1.1358561562978629	0.45812441592568554	13
1	182565000	182755000	chr1:182565000-182755000	-1.0129134015788783	0.4201312100145387	20
1	182855000	183425000	chr1:182855000-183425000	10.21405166199291	8.767431225464861e-12	58
1	182880000	183220000	chr1:182880000-183220000	2.378803858350378	0.005403504640500878	35
1	183290000	183420000	chr1:183290000-183420000	-0.5911412546619518	0.2996903857494082	14
1	183435000	183605000	chr1:183435000-183605000	0.586760549372804	0.08431435828006206	18
1	183615000	183895000	chr1:183615000-183895000	2.8047899702592245	0.002476471341802844	29
1	183660000	183775000	chr1:183660000-183775000	0.3445101088289984	0.11363143185007774	12
1	183775000	183885000	chr1:183775000-183885000	-1.4157649848385134	0.5469082564506842	12
1	183905000	184025000	chr1:183905000-184025000	0.3327192303078436	0.1152380329264473	13
1	184035000	184665000	chr1:184035000-184665000	0.4858975348146472	0.09568627627994952	64
1	184045000	184200000	chr1:184045000-184200000	-1.1629501410968055	0.4666118465846173	17
1	184210000	184660000	chr1:184210000-184660000	-1.1379588983615556	0.4587817010466848	46
1	184530000	184640000	chr1:184530000-184640000	-1.5321171030599992	0.5839585797653152	12
1	184695000	185140000	chr1:184695000-185140000	10.582041104204174	2.60647059491248e-12	46
1	184765000	184950000	chr1:184765000-184950000	-1.1447520656051793	0.460907223460993	20
1	185015000	185130000	chr1:185015000-185130000	-1.3626539476421096	0.5299539400824318	13
1	185145000	185270000	chr1:185145000-185270000	1.3418951912168484	0.029611702912792914	14
1	185270000	185665000	chr1:185270000-185665000	1.2382095064282874	0.03453271159026183	40
1	185285000	185410000	chr1:185285000-185410000	-1.6025910901825635	0.6062272504428219	14
1	185715000	186225000	chr1:185715000-186225000	6.825684075792608	2.288481752987792e-07	52
1	186275000	186370000	chr1:186275000-186370000	-1.104152914062084	0.44824050924600145	11
1	186370000	186975000	chr1:186370000-186975000	13.113287791847899	3.3306690738754696e-16	61
1	186460000	186565000	chr1:186460000-186565000	-1.172551637518949	0.46962783974433364	11
1	187895000	188110000	chr1:187895000-188110000	-1.2684777036002703	0.49995439189741964	23
1	192440000	192585000	chr1:192440000-192585000	0.908788511371781	0.05511140141338711	15
1	192610000	192755000	chr1:192610000-192755000	-2.2837870511553455	0.8001237153553198	15
1	192775000	192990000	chr1:192775000-192990000	-0.05473175447630121	0.1782255000873365	23
1	193015000	193105000	chr1:193015000-193105000	-0.5464208814936025	0.2880810799385276	10
1	196075000	196660000	chr1:196075000-196660000	7.08326602491723	1.129814966027709e-07	60
1	197145000	197350000	chr1:197145000-197350000	-0.9267512547702565	0.3941325210594391	22
1	197170000	197290000	chr1:197170000-197290000	-1.6594799848627173	0.624047875095513	13
1	197490000	197900000	chr1:197490000-197900000	1.737993508565665	0.016003685680066493	42
1	198030000	198435000	chr1:198030000-198435000	7.715194121876408	1.903869939479108e-08	41
1	198100000	198330000	chr1:198100000-198330000	1.2462708879291151	0.03412581563352479	24
1	198475000	198665000	chr1:198475000-198665000	1.5084770885871719	0.022983084381547725	20
1	198735000	199235000	chr1:198735000-199235000	6.178523958235825	1.2784924672271103e-06	51
1	199250000	199525000	chr1:199250000-199525000	0.5043876375665288	0.09351421196056198	28
1	200085000	200495000	chr1:200085000-200495000	7.943548720773841	9.837527126244083e-09	42
1	200110000	200240000	chr1:200110000-200240000	-1.5505356095380773	0.5897956017478654	14
1	200255000	200485000	chr1:200255000-200485000	4.228086566422496	0.00013805749480266805	24
1	200365000	200460000	chr1:200365000-200460000	0.227587242853977	0.13034967775888273	11
1	200515000	201030000	chr1:200515000-201030000	9.898052334157121	2.4447888158363185e-11	53
1	200525000	200810000	chr1:200525000-200810000	1.3508266273528131	0.02921781010585256	30
1	200870000	201095000	chr1:200870000-201095000	2.523139870018226	0.00416926161783826	23
1	201205000	201345000	chr1:201205000-201345000	-1.670229428518662	0.6273963840274547	15
1	201400000	201500000	chr1:201400000-201500000	-1.6436079390138023	0.6190923825532956	11
1	201510000	201785000	chr1:201510000-201785000	7.760516407031147	1.6711995787233036e-08	28
1	201525000	201670000	chr1:201525000-201670000	-0.5411356941363825	0.2867257596525553	16
1	201675000	201780000	chr1:201675000-201780000	-1.5283051291168923	0.5827492666441197	12
1	201815000	202120000	chr1:201815000-202120000	7.075918087551558	1.1529822374622967e-07	32
1	201830000	201960000	chr1:201830000-201960000	1.3940619269491663	0.02737614561531021	14
1	201965000	202110000	chr1:201965000-202110000	2.3653685272491902	0.005534207455074047	16
1	202130000	202975000	chr1:202130000-202975000	33.69331218843901	0.0	85
1	202130000	202715000	chr1:202130000-202715000	16.747817575655425	0.0	59
1	202135000	202300000	chr1:202135000-202300000	1.7734045922032957	0.015114445533066734	18
1	202435000	202600000	chr1:202435000-202600000	-0.9264850265639973	0.3940531194736018	18
1	202705000	202980000	chr1:202705000-202980000	3.7768971956054687	0.00035929152287839106	29
1	202705000	202850000	chr1:202705000-202850000	-1.5084869543147916	0.5764551499701925	16
1	202860000	202980000	chr1:202860000-202980000	0.4816982829608982	0.09618484769371549	13
1	203000000	203760000	chr1:203000000-203760000	32.07395645999166	0.0	77
1	203000000	203210000	chr1:203000000-203210000	0.4220896205018878	0.10348634165109272	22
1	203230000	203460000	chr1:203230000-203460000	2.82073769968388	0.002402650065254641	24
1	203315000	203460000	chr1:203315000-203460000	-2.034451152348062	0.735277926793616	16
1	203470000	203765000	chr1:203470000-203765000	1.1224761328248924	0.040845756772836195	30
1	203830000	204350000	chr1:203830000-204350000	20.269268200091947	0.0	53
1	203840000	204100000	chr1:203840000-204100000	5.586675173108161	5.754320730022577e-06	27
1	204115000	204350000	chr1:204115000-204350000	0.8665455325348429	0.058378235286289826	25
1	204210000	204315000	chr1:204210000-204315000	-1.133234561183377	0.45730528168976003	11
1	204375000	204485000	chr1:204375000-204485000	1.1467604081248126	0.039444586803973114	12
1	204535000	204780000	chr1:204535000-204780000	5.583540106855103	5.79929744959351e-06	26
1	204795000	204915000	chr1:204795000-204915000	-0.8775373630980444	0.3795621722135648	13
1	204930000	205230000	chr1:204930000-205230000	6.433578877781506	6.549829452140443e-07	31
1	204930000	205045000	chr1:204930000-205045000	-1.0280358674306074	0.42475157923539875	12
1	205235000	205500000	chr1:205235000-205500000	1.9825309745374788	0.010711516610181548	28
1	205320000	205480000	chr1:205320000-205480000	-0.8537544802629095	0.3726000827517495	17
1	205540000	205720000	chr1:205540000-205720000	0.3819270014525987	0.10864552136405636	19
1	205785000	205925000	chr1:205785000-205925000	-0.632011315104807	0.3105175619306607	15
1	206645000	206775000	chr1:206645000-206775000	-0.4125204145395017	0.25487213972515554	14
1	206880000	207175000	chr1:206880000-207175000	8.965442647499309	4.6124959407478627e-10	30
1	207235000	207695000	chr1:207235000-207695000	19.288424318061363	0.0	47
1	207265000	207480000	chr1:207265000-207480000	0.2691904163509649	0.12419948802072711	23
1	207985000	208165000	chr1:207985000-208165000	2.6469185584208903	0.0033238677087068513	19
1	208180000	208435000	chr1:208180000-208435000	4.967558700739344	2.5750123648027312e-05	26
1	208185000	208280000	chr1:208185000-208280000	-1.207676591496623	0.4806942968212845	11
1	208300000	208420000	chr1:208300000-208420000	0.17317792954966846	0.13873501785373676	13
1	209230000	209375000	chr1:209230000-209375000	-0.0049342825023029	0.1689837903104987	15
1	209770000	209930000	chr1:209770000-209930000	1.0840762770926602	0.04314711967503604	17
1	210295000	210495000	chr1:210295000-210495000	0.8982257092346689	0.05591340398419398	21
1	210625000	210750000	chr1:210625000-210750000	-0.8604886400058204	0.37456579145492297	14
1	211310000	211425000	chr1:211310000-211425000	-1.484105251167895	0.5686988586531925	12
1	211435000	211840000	chr1:211435000-211840000	8.598191529895935	1.4125643987838998e-09	42
1	211485000	211660000	chr1:211485000-211660000	0.4392038393671616	0.10134668562424198	19
1	211690000	211845000	chr1:211690000-211845000	1.6104086757037768	0.0196054026825091	16
1	211850000	212205000	chr1:211850000-212205000	6.460775317534449	6.094638488329807e-07	36
1	211865000	212000000	chr1:211865000-212000000	-0.21712669017219174	0.21078755993533627	15
1	212005000	212110000	chr1:212005000-212110000	-1.3927578683115578	0.5395635622727002	12
1	212240000	212465000	chr1:212240000-212465000	0.5859449825102525	0.08440174674208012	23
1	212490000	212635000	chr1:212490000-212635000	1.61936780199951	0.01933125009497383	15
1	212635000	213250000	chr1:212635000-213250000	23.39069675411419	0.0	63
1	212645000	212805000	chr1:212645000-212805000	-0.6605478501831578	0.31819735355055	17
1	212835000	212960000	chr1:212835000-212960000	-1.5306843959930834	0.5835041156558181	14
1	212970000	213180000	chr1:212970000-213180000	0.3158574005542625	0.11756656038863134	22
1	213410000	214330000	chr1:213410000-214330000	3.279017885021915	0.000986884102686103	93
1	214375000	214810000	chr1:214375000-214810000	6.539787896349313	4.940040767564824e-07	45
1	214425000	214515000	chr1:214425000-214515000	-0.7344983851553634	0.338540943819877	10
1	214525000	214780000	chr1:214525000-214780000	0.7754349936153212	0.06597720654327288	27
1	214855000	215735000	chr1:214855000-215735000	4.310437649107283	0.00011525520154576085	89
1	214950000	215280000	chr1:214950000-215280000	0.8697820909949964	0.05812219664888296	34
1	217590000	217910000	chr1:217590000-217910000	0.0016231568845472117	0.16779273442943043	33
1	217605000	217835000	chr1:217605000-217835000	-1.2918198833751666	0.5073759814784823	24
1	217975000	218365000	chr1:217975000-218365000	2.3478142560415627	0.005708981756669007	40
1	219240000	219355000	chr1:219240000-219355000	-1.0297805686942456	0.4252857972951839	12
1	219585000	219745000	chr1:219585000-219745000	-0.10465593180324587	0.1878402895682435	17
1	220005000	220130000	chr1:220005000-220130000	1.8166381773897424	0.014089924529779085	14
1	220160000	220275000	chr1:220160000-220275000	0.8644514656701259	0.058544455237889315	12
1	220160000	220380000	chr1:220160000-220380000	1.3658723982802505	0.02856522710154663	23
1	220455000	220965000	chr1:220455000-220965000	4.1381497492753265	0.00016780749213163304	52
1	220840000	220960000	chr1:220840000-220960000	-1.8352371496790139	0.6777944809450538	13
1	221040000	221395000	chr1:221040000-221395000	4.920463111416195	2.876376050786611e-05	36
1	221210000	221380000	chr1:221210000-221380000	-0.6859241060919637	0.32510804431327067	18
1	221420000	221610000	chr1:221420000-221610000	-1.2708156794374872	0.500697138475436	20
1	221645000	222270000	chr1:221645000-222270000	30.87529402284606	0.0	64
1	221910000	222020000	chr1:221910000-222020000	-0.7985780365684333	0.3566591157887228	12
1	222380000	222630000	chr1:222380000-222630000	-1.5918010461682741	0.6028305266882703	26
1	222910000	223275000	chr1:222910000-223275000	4.161849230566386	0.00015942920971001584	37
1	222990000	223275000	chr1:222990000-223275000	-0.2543736970816606	0.21878068406528306	29
1	223300000	223425000	chr1:223300000-223425000	-0.37554538723188574	0.24612427618818478	13
1	224300000	224520000	chr1:224300000-224520000	-1.3170993442286265	0.5154256582700152	23
1	224530000	224655000	chr1:224530000-224655000	-0.8182407982217539	0.3623049865127135	13
1	224690000	225125000	chr1:224690000-225125000	12.314567897972495	6.661338147750939e-15	44
1	224700000	224825000	chr1:224700000-224825000	-1.5595149051418895	0.5926375522031462	13
1	225165000	225480000	chr1:225165000-225480000	-0.20034776828401138	0.2072508850310648	33
1	225635000	226170000	chr1:225635000-226170000	33.087588121954965	0.0	55
1	225660000	225945000	chr1:225660000-225945000	-0.9141471610316637	0.39038042563169806	29
1	225960000	226165000	chr1:225960000-226165000	4.941601352192469	2.7371442948176394e-05	21
1	226165000	226310000	chr1:226165000-226310000	-1.0608129232873027	0.43482154809704143	16
1	226185000	226595000	chr1:226185000-226595000	5.517281256204748	6.833431945185708e-06	42
1	226310000	226590000	chr1:226310000-226590000	2.94395690679537	0.0019007101704855422	29
1	226385000	226585000	chr1:226385000-226585000	-1.5157972292888462	0.5787780663317925	21
1	226600000	226800000	chr1:226600000-226800000	-2.915206998015409	0.9194345640061048	21
1	226815000	227025000	chr1:226815000-227025000	1.5384744204879701	0.021938934962884682	22
1	226925000	227020000	chr1:226925000-227020000	-0.5672715870550077	0.29346280198587016	11
1	227665000	227915000	chr1:227665000-227915000	9.037906235679664	3.6891434351815633e-10	26
1	227745000	227915000	chr1:227745000-227915000	-0.7734906401544335	0.34951369588195935	18
1	227940000	228150000	chr1:227940000-228150000	3.79263794727294	0.00034784688004896314	22
1	228175000	228270000	chr1:228175000-228270000	-0.3628380551712422	0.24316188368708647	11
1	228270000	228370000	chr1:228270000-228370000	0.42121640201093913	0.10359645645084681	11
1	228290000	228745000	chr1:228290000-228745000	12.76305634724245	1.3322676295501878e-15	46
1	228365000	228745000	chr1:228365000-228745000	10.127839062347407	1.1615153283628388e-11	39
1	228390000	228655000	chr1:228390000-228655000	7.044717280312636	1.2566318419171552e-07	27
1	228790000	229365000	chr1:228790000-229365000	6.142943790973859	1.4021611206560536e-06	58
1	228860000	229020000	chr1:228860000-229020000	1.7726514222381533	0.015132886320767147	17
1	229375000	229775000	chr1:229375000-229775000	0.8336883039864841	0.061030158901780096	41
1	229385000	229630000	chr1:229385000-229630000	0.11642556249878722	0.14790335426356616	26
1	229480000	229585000	chr1:229480000-229585000	-0.32439925479621495	0.23433389134815563	11
1	229685000	229775000	chr1:229685000-229775000	-1.8992650480745243	0.6967320164652637	10
1	229820000	230460000	chr1:229820000-230460000	20.873157582334315	0.0	65
1	230200000	230420000	chr1:230200000-230420000	1.9457860944862393	0.011389267158088412	23
1	230755000	231370000	chr1:230755000-231370000	17.881924655374963	0.0	63
1	231005000	231350000	chr1:231005000-231350000	9.908814727466758	2.3614554756079542e-11	36
1	231035000	231140000	chr1:231035000-231140000	-0.43800209550605623	0.2610082108051567	12
1	231470000	231750000	chr1:231470000-231750000	0.05347694269249443	0.15858409355730274	29
1	232740000	233400000	chr1:232740000-233400000	6.422120170632052	6.751376812053067e-07	67
1	233560000	233935000	chr1:233560000-233935000	10.521305435277476	3.188671549025912e-12	38
1	233620000	233735000	chr1:233620000-233735000	-0.5428022821110909	0.28715274076758	12
1	233935000	234210000	chr1:233935000-234210000	-0.5424167266937093	0.2870539290699091	29
1	234240000	234600000	chr1:234240000-234600000	9.833307022837811	3.010813820480962e-11	37
1	234250000	234465000	chr1:234250000-234465000	1.602989306689497	0.01983556724696245	22
1	234345000	234450000	chr1:234345000-234450000	-1.1943152438633842	0.4764792314762507	12
1	234505000	234615000	chr1:234505000-234615000	-1.2610140376775014	0.49758394081897717	12
1	234635000	234735000	chr1:234635000-234735000	-1.5106297342225685	0.5771361233272476	11
1	234755000	234860000	chr1:234755000-234860000	-0.019094580937731278	0.17157627978174872	12
1	235270000	235625000	chr1:235270000-235625000	2.484085796075546	0.004474710524624448	36
1	235395000	235595000	chr1:235395000-235595000	-0.2542425249794146	0.21875219308710425	21
1	235665000	236165000	chr1:235665000-236165000	11.906850043947172	2.808864252301646e-14	51
1	235670000	235945000	chr1:235670000-235945000	-0.7953252474070606	0.3557292147771234	28
1	236010000	236135000	chr1:236010000-236135000	-0.36589590897249014	0.24387290228312486	13
1	236155000	236260000	chr1:236155000-236260000	-0.44331379327211695	0.2622983739883402	12
1	236260000	236455000	chr1:236260000-236455000	0.5060451944378542	0.09332148167227983	20
1	236260000	236690000	chr1:236260000-236690000	11.64946827023717	6.905587213168474e-14	44
1	236765000	237070000	chr1:236765000-237070000	1.1672980350630513	0.03829142170014399	32
1	236945000	237055000	chr1:236945000-237055000	-1.0554956106120348	0.43318339606076506	12
1	238015000	238415000	chr1:238015000-238415000	-0.8039512721677285	0.35819790982624544	41
1	241670000	242170000	chr1:241670000-242170000	23.683731287799386	0.0	51
1	241675000	242020000	chr1:241675000-242020000	13.273661991759344	2.220446049250313e-16	36
1	241680000	241800000	chr1:241680000-241800000	-0.6109603054695892	0.30491531898488033	13
1	242070000	242185000	chr1:242070000-242185000	-1.8701145938398482	0.6881598684198634	12
1	243510000	243925000	chr1:243510000-243925000	9.786115254658519	3.502931278376309e-11	42
1	243615000	243920000	chr1:243615000-243920000	6.469668652346489	5.952587224244965e-07	32
1	244020000	244455000	chr1:244020000-244455000	1.9345847151244575	0.011603027300932323	44
1	244465000	244620000	chr1:244465000-244620000	0.0014995718931187453	0.16781512652397967	17
1	244645000	244750000	chr1:244645000-244750000	0.11289375479932087	0.14848841996654327	12
1	244675000	244965000	chr1:244675000-244965000	-0.36199393002070973	0.24296580810945567	30
1	244740000	245240000	chr1:244740000-245240000	9.857600819358447	2.784716901516049e-11	51
1	244765000	244960000	chr1:244765000-244960000	-0.7181008735468571	0.3339769088275566	21
1	244980000	245215000	chr1:244980000-245215000	2.8205265568393054	0.0024036083938839825	24
1	246035000	246170000	chr1:246035000-246170000	-2.2997303893084897	0.8039575193487966	15
1	246175000	246635000	chr1:246175000-246635000	14.299024802727027	0.0	47
1	246650000	246925000	chr1:246650000-246925000	-0.7898426474410588	0.35416411375787615	28
1	247000000	247095000	chr1:247000000-247095000	-1.6247770521521123	0.6131968265595275	10
1	247065000	247660000	chr1:247065000-247660000	11.395158043368342	1.6653345369377348e-13	61
1	247095000	247510000	chr1:247095000-247510000	10.558726900948779	2.816413768869097e-12	43
1	247130000	247375000	chr1:247130000-247375000	-0.026713555269506677	0.17298278462692063	25
1	247145000	247240000	chr1:247145000-247240000	-1.5534143061758503	0.5907070053272265	11
1	247520000	247665000	chr1:247520000-247665000	-1.169814763138331	0.46876779847654226	15
1	247800000	248395000	chr1:247800000-248395000	10.02780928338897	1.6075030195850104e-11	60
1	248400000	248545000	chr1:248400000-248545000	0.5366817571124194	0.0898163232711997	15
